1	0.006718429
1	0.006712516
1	0.007000313
1	0.006999908
1	0.007075078
1	0.007356599
1	0.007813152
1	0.007163264
1	0.007523082
1	0.006704482
1	0.007231117
1	0.007135426
1	0.006648401
1	0.006941243
1	0.0069592
1	0.007212068
1	0.007173421
1	0.007347468
1	0.007258719
1	0.006976772
1	0.00707608
1	0.006887983
1	0.007217113
1	0.007651499
1	0.007444181
1	0.00760968
1	0.007477258
1	0.007676235
1	0.007451671
1	0.007490523
1	0.007372391
1	0.008049018
1	0.006477977
1	0.007456301
1	0.007098826
1	0.008250136
1	0.007245682
1	0.00733897
1	0.007206362
1	0.007403681
1	0.008058
1	0.008155851
1	0.0079206
1	0.008149821
1	0.007748078
1	0.007991015
1	0.007678267
1	0.007021756
1	0.007067992
1	0.007334588
1	0.007284205
1	0.007897707
1	0.007347211
1	0.006961985
1	0.006916134
1	0.007088896
1	0.007223006
1	0.007189023
1	0.006965176
1	0.007522579
1	0.007290498
1	0.007491596
1	0.007567879
1	0.007390004
1	0.007020679
1	0.007474159
1	0.006856201
1	0.007343542
1	0.007287449
1	0.007238762
1	0.00757899
1	0.007164848
1	0.007677405
1	0.006745395
1	0.007323558
1	0.007944677
1	0.007962271
1	0.007534071
1	0.007303585
1	0.007825244
2	0.008297429
2	0.009577848
2	0.008353874
2	0.009574633
2	0.009621472
2	0.009580865
2	0.009166242
2	0.009137513
2	0.00738247
2	0.008712401
2	0.006404789
2	0.008491505
2	0.008672343
2	0.008751517
2	0.008639012
2	0.008967383
2	0.009581508
2	0.007846889
2	0.007952434
2	0.00808354
2	0.008135705
2	0.007947845
2	0.007901816
2	0.008017043
2	0.007913857
2	0.007920858
2	0.009461652
2	0.008855267
2	0.009015118
2	0.008133376
2	0.009124231
2	0.00947181
2	0.008027496
2	0.007768924
2	0.00788381
2	0.007472401
2	0.008181461
2	0.009435379
2	0.007901996
2	0.008620788
2	0.008818814
2	0.008627544
2	0.008169756
2	0.008163665
2	0.007866967
2	0.009733474
2	0.008952473
2	0.009330464
2	0.00802112
2	0.007978423
2	0.007882007
2	0.007594958
2	0.007468216
2	0.008104435
2	0.008489552
2	0.008299085
2	0.007671974
2	0.007174387
2	0.008050184
2	0.008419286
2	0.007819796
2	0.007978186
2	0.008250078
2	0.007647235
2	0.008068699
2	0.010047727
2	0.007954756
1	0.008513958
1	0.007560073
1	0.008474249
1	0.008925285
1	0.007810461
1	0.007000669
1	0.008383198
1	0.00807363
1	0.008388847
1	0.008650849
2	0.006754911
2	0.007819372
2	0.007539366
2	0.008146063
2	0.007532577
2	0.007872445
2	0.009121271
2	0.007207392
2	0.007534652
2	0.007778187
2	0.007412568
3	0.009872746
3	0.009939744
3	0.007510596
3	0.011593566
3	0.011094701
3	0.011050805
3	0.011677437
3	0.011366689
3	0.011323094
3	0.011078078
3	0.011345622
3	0.011745031
3	0.013285504
3	0.009440951
3	0.011593811
3	0.010001179
3	0.00659142
3	0.010283253
3	0.007694479
3	0.008175147
3	0.010771854
3	0.009064118
3	0.008889013
3	0.008405546
3	0.009436785
3	0.010198368
3	0.009684926
3	0.010002457
3	0.009486403
3	0.0097963
3	0.009940125
3	0.009577007
3	0.009725684
3	0.01002162
3	0.009706132
3	0.009809782
3	0.009584572
3	0.011284874
3	0.011085987
3	0.010764903
3	0.011149519
3	0.011081627
3	0.011456771
3	0.011427002
3	0.010200783
3	0.010076682
3	0.010204822
3	0.008520632
3	0.010278599
3	0.010225506
3	0.009920709
3	0.007515514
3	0.008553705
3	0.00848397
3	0.008730326
3	0.008692967
2	0.010012919
2	0.008860401
2	0.008559739
2	0.009325131
2	0.009920852
2	0.010246656
2	0.008866708
2	0.007872264
2	0.008330137
3	0.010635671
3	0.011167944
3	0.01135639
3	0.010135184
3	0.010235138
3	0.011050547
3	0.009588674
3	0.009254708
5	0.014248219
5	0.014318136
5	0.013936531
5	0.014155219
5	0.014227324
5	0.0142424
5	0.014077799
5	0.011281305
5	0.011013274
5	0.013905768
5	0.0138118
5	0.013104086
5	0.012841343
5	0.013429141
5	0.012943274
5	0.012887191
5	0.013885961
5	0.012584296
5	0.012058365
5	0.011923447
5	0.008552043
5	0.01278055
5	0.009557647
5	0.008183661
5	0.010500474
5	0.009983969
5	0.010181817
5	0.011827067
5	0.010306905
5	0.009489649
5	0.010072826
5	0.011708026
5	0.010070897
5	0.01011572
5	0.013092766
5	0.013420072
5	0.013557917
5	0.014119264
5	0.014187845
5	0.013526819
5	0.013670312
5	0.013524227
5	0.013655368
5	0.013391484
5	0.013449234
5	0.012001343
5	0.011059332
5	0.013977363
5	0.013363827
5	0.013246258
5	0.010077387
5	0.012580229
5	0.007103449
5	0.008056537
5	0.006961991
5	0.012353526
5	0.011810152
5	0.006739816
5	0.014355408
5	0.007027887
5	0.007190348
5	0.006929047
5	0.01038128
5	0.006329419
5	0.008428958
5	0.009631315
5	0.008995812
5	0.007342448
5	0.01427768
5	0.006760379
5	0.01029734
5	0.012834221
5	0.008692913
5	0.013528395
5	0.013878999
5	0.006740941
5	0.008689806
5	0.010889035
5	0.008243414
5	0.007140764
4	0.014220396
4	0.013635822
4	0.012948288
4	0.013811525
4	0.013693372
4	0.013653008
4	0.013715184
4	0.00736596
4	0.013732789
4	0.008704567
5	0.013510524
5	0.013327691
5	0.012525962
5	0.013603892
5	0.011997474
5	0.013277871
5	0.013151828
5	0.012469711
5	0.012091595
5	0.011861784
6	0.010521747
6	0.013740135
6	0.010305664
6	0.010284773
6	0.013596682
6	0.013696416
6	0.015031533
6	0.013628698
6	0.013570944
6	0.013563332
6	0.009143577
6	0.009130563
6	0.009056222
6	0.010173672
6	0.008183371
6	0.010543696
6	0.009880228
6	0.010424632
6	0.010130695
6	0.009814272
6	0.009034173
6	0.011171718
6	0.012214345
6	0.010612886
6	0.012636926
6	0.015116542
6	0.0151219
6	0.014007563
6	0.015101085
6	0.014042995
6	0.013552745
6	0.013287144
6	0.014746158
6	0.014315952
6	0.012046731
6	0.012964449
6	0.012711792
6	0.013657692
6	0.013228722
6	0.01283411
6	0.011920824
6	0.014649108
6	0.01344786
6	0.014563191
6	0.013820714
6	0.013168027
6	0.015198178
5	0.014526224
5	0.013612734
5	0.013480581
5	0.015277053
5	0.012904419
6	0.014975804
6	0.015886181
6	0.013531161
6	0.013139539
6	0.013032092
6	0.013741376
6	0.013879409
6	0.014011587
6	0.013319335
6	0.013016888
6	0.012903942
6	0.012542214
6	0.012636213
6	0.013035908
6	0.012405341
6	0.012445259
6	0.013243861
6	0.012428118
7	0.014959236
7	0.014576738
7	0.014970297
7	0.016953669
7	0.015343384
7	0.015003056
7	0.016000491
7	0.014864724
7	0.014856116
7	0.015532244
7	0.012965972
7	0.013040832
7	0.012887321
7	0.012732883
7	0.01280121
7	0.012945464
7	0.012875164
7	0.012704006
7	0.013103032
7	0.010696851
7	0.010954316
7	0.010769057
7	0.011331852
7	0.009778015
7	0.010148573
7	0.008882804
7	0.010676125
7	0.009660831
7	0.010796446
7	0.010690387
7	0.016199168
7	0.007115515
7	0.014262223
7	0.013808668
7	0.014079542
7	0.014594922
7	0.013610959
7	0.015003996
7	0.01443937
7	0.014232253
7	0.014173815
7	0.013947797
7	0.017651954
7	0.013376453
7	0.014149907
7	0.012965356
7	0.014904973
7	0.015659668
7	0.013041986
7	0.012619737
7	0.013665438
7	0.012408473
7	0.014471024
7	0.00714572
7	0.015350034
7	0.015215567
7	0.015660329
7	0.014150339
7	0.014911597
7	0.014532927
7	0.014394488
7	0.015595574
6	0.015224837
6	0.013472784
6	0.014733744
6	0.013936228
6	0.015534182
6	0.013470585
6	0.016073739
6	0.01337535
6	0.014020199
7	0.013864236
7	0.016287757
7	0.015409413
7	0.014227296
7	0.012656277
7	0.016422865
7	0.016616323
8	0.016774956
8	0.016157137
8	0.016398823
8	0.017565427
8	0.017275452
8	0.033911735
8	0.018471592
8	0.017268999
8	0.012958862
8	0.012704191
8	0.012646017
8	0.012809693
8	0.012323594
8	0.012042203
8	0.012765858
8	0.011735098
8	0.010829107
8	0.011662865
8	0.010747902
8	0.010234903
8	0.01034104
8	0.010042743
8	0.010839871
8	0.014021104
8	0.014753934
8	0.013580244
8	0.014297723
8	0.015335689
8	0.016069467
8	0.017089676
8	0.014114401
8	0.015367333
8	0.018249199
8	0.017736653
8	0.0088738
8	0.013442908
8	0.014247444
8	0.011791225
8	0.013779076
8	0.01055274
8	0.015750814
8	0.013925325
8	0.019583232
8	0.015960146
8	0.019466613
8	0.01833732
8	0.017476857
8	0.010405097
8	0.018911642
8	0.018239069
8	0.017672242
8	0.01948506
8	0.019970505
8	0.01745758
7	0.020419317
7	0.017750011
7	0.018338885
7	0.01877974
7	0.017910366
7	0.018893058
7	0.019278877
7	0.01924003
7	0.015325659
8	0.020479934
8	0.015221902
8	0.020346944
8	0.019209478
8	0.019723042
8	0.018893157
8	0.018587952
9	0.017259384
9	0.016904836
9	0.017256659
9	0.017508417
9	0.017420935
9	0.017700984
9	0.01607684
9	0.017547775
9	0.016739148
9	0.012340944
9	0.013322839
9	0.012862375
9	0.014043356
9	0.013570926
9	0.01309797
9	0.013252589
9	0.012991516
9	0.012830381
9	0.013272658
9	0.013103067
9	0.011985995
9	0.011652579
9	0.009488438
9	0.010189591
9	0.009889437
9	0.011517204
9	0.011215305
9	0.011455178
9	0.011328199
9	0.011442157
9	0.011463386
9	0.014403795
9	0.015321424
9	0.01449596
9	0.014930098
9	0.013741587
9	0.036297131
9	0.016420688
9	0.015590899
9	0.033150544
9	0.017002943
9	0.015165541
9	0.016506493
9	0.014745134
9	0.014032637
9	0.012630241
9	0.014791497
9	0.012981522
9	0.014337858
9	0.016862863
9	0.015010858
9	0.020198905
9	0.009631288
9	0.016879001
9	0.019427076
9	0.016953808
9	0.016335873
9	0.01663256
8	0.017764656
8	0.017131314
8	0.017387646
8	0.013624772
8	0.017767356
8	0.014339433
8	0.016785578
8	0.016280942
8	0.016524574
9	0.016757483
9	0.018119093
9	0.017134745
9	0.013712845
9	0.01745521
9	0.018826208
9	0.018466576
9	0.019174292
9	0.01965301
11	0.028781783
11	0.027439753
11	0.024576242
11	0.025063522
11	0.026461949
11	0.02404897
11	0.019321628
11	0.023574408
11	0.024643807
11	0.025043805
11	0.024486653
11	0.024557425
11	0.019004903
11	0.018615039
11	0.019400962
11	0.018450989
11	0.019666731
11	0.018524996
11	0.019375483
11	0.017021296
11	0.016891464
11	0.015277895
11	0.015912362
11	0.016530266
11	0.006926883
11	0.01633424
11	0.016989836
11	0.015381861
11	0.016920573
11	0.016519211
11	0.01659734
11	0.016374475
11	0.013711076
11	0.025244566
11	0.023508766
11	0.025591233
11	0.020623433
11	0.021374521
11	0.027607243
11	0.027526842
11	0.021878416
11	0.021910089
11	0.021502252
11	0.021764717
11	0.020456445
11	0.021805532
11	0.020738986
11	0.029191876
11	0.029369432
11	0.029261015
11	0.034568313
11	0.034320014
10	0.025926581
10	0.027637408
10	0.025907377
10	0.02518905
10	0.019509042
10	0.025580888
10	0.02148213
10	0.022835927
10	0.024677218
10	0.025531799
10	0.02694273
10	0.025845568
10	0.025351262
10	0.025641371
10	0.027460058
10	0.02520747
11	0.0288014
11	0.028977489
11	0.017652238
11	0.029138699
11	0.022175208
11	0.027949349
12	0.0192752
12	0.020184799
12	0.019912061
12	0.019364866
12	0.022700053
12	0.02433049
12	0.018938286
12	0.020115564
12	0.020241327
12	0.022257746
12	0.019728516
12	0.019320752
12	0.018060324
12	0.01885881
12	0.019878807
12	0.020919206
12	0.017076144
12	0.017194021
12	0.01755246
12	0.020982804
12	0.016973958
12	0.016817762
12	0.018965319
12	0.018998523
12	0.017997561
12	0.020947114
12	0.019681847
12	0.014308401
12	0.015327136
12	0.019216021
12	0.015965076
12	0.017596084
12	0.015721967
12	0.020039654
12	0.025265186
12	0.019031089
12	0.022421829
12	0.018549126
12	0.021471508
12	0.020111899
12	0.018556179
12	0.025126652
12	0.020214177
12	0.018788024
12	0.021162612
12	0.016454856
12	0.020942715
12	0.01895803
12	0.020232038
12	0.030465638
12	0.028702198
12	0.025047461
12	0.028768385
12	0.030277715
12	0.028548715
12	0.030850536
11	0.024306618
11	0.026137059
11	0.02409247
11	0.02655196
11	0.02520713
11	0.024517318
12	0.024362282
12	0.022471501
12	0.026388766
12	0.025236868
12	0.025825166
12	0.022830549
12	0.032372891
13	0.021752383
13	0.021972062
13	0.021767429
13	0.023178478
13	0.023385484
13	0.018524547
13	0.020931849
13	0.017899326
13	0.019176916
13	0.020435251
13	0.019182867
13	0.01773003
13	0.017494521
13	0.016300491
13	0.015735996
13	0.017689146
13	0.018960079
13	0.017215091
13	0.028027699
13	0.025848761
13	0.022445341
13	0.024753841
13	0.019676462
13	0.021920656
13	0.028877725
13	0.028972096
13	0.028398792
13	0.028152782
13	0.029054122
13	0.028408804
12	0.021653677
12	0.027183442
12	0.027803648
12	0.026017866
13	0.023238696
13	0.019369898
13	0.025208149
13	0.024361871
13	0.021947355
14	0.023092938
14	0.017348806
14	0.0179559
14	0.014938567
14	0.0167294
14	0.01683847
14	0.017133525
14	0.017402344
14	0.015279059
14	0.015259975
14	0.017600442
14	0.024371748
14	0.018352765
14	0.016379943
14	0.018113647
14	0.020984464
14	0.020378313
14	0.02084146
14	0.01809652
14	0.02103239
14	0.020582075
14	0.013887747
14	0.018746809
14	0.019629395
14	0.020607471
14	0.018117875
14	0.026696023
14	0.017575057
14	0.014128445
14	0.018589008
14	0.027504352
14	0.027076619
14	0.026911786
14	0.025220829
13	0.023621886
13	0.022915022
13	0.02102866
13	0.025287548
13	0.020571181
14	0.020671188
14	0.022206016
14	0.02105405
14	0.023003705
14	0.021007507
15	0.018466106
15	0.0226997
15	0.019975215
15	0.028184012
15	0.020343175
15	0.020969237
15	0.02269896
15	0.020160266
15	0.020258705
15	0.019940772
15	0.019860141
15	0.020253541
15	0.020511252
15	0.015699942
15	0.017751984
15	0.028113868
15	0.016874264
15	0.019059765
15	0.016342037
15	0.016851001
15	0.017354512
15	0.017932894
15	0.019327888
15	0.023305268
15	0.019519077
15	0.017896503
15	0.024033152
15	0.021430857
15	0.018445154
15	0.019113104
15	0.022095458
15	0.015675175
15	0.017755351
15	0.023810447
15	0.022857153
15	0.026564149
15	0.028783031
15	0.028712464
14	0.013375517
14	0.019272236
14	0.023495655
14	0.025263085
14	0.020227977
15	0.024110675
15	0.024573335
15	0.023267887
15	0.026750127
15	0.025856157
15	0.018823873
15	0.021994793
16	0.019420983
16	0.020690864
16	0.019384325
16	0.022783471
16	0.01899282
16	0.019987114
16	0.020203777
16	0.023531636
16	0.015259396
16	0.020892868
16	0.017558362
16	0.01956645
16	0.017987701
16	0.019913458
16	0.018507384
16	0.016466026
16	0.019096388
16	0.017579085
16	0.018699558
16	0.018010743
16	0.022552319
16	0.017155384
16	0.018013973
16	0.020825751
16	0.02224457
16	0.019993216
16	0.024453765
16	0.018488717
16	0.018772978
16	0.017645151
16	0.028301613
16	0.022799692
16	0.022350451
16	0.029184043
16	0.041581019
16	0.02772189
16	0.028770262
16	0.027122518
15	0.023504105
15	0.021283899
15	0.017910119
15	0.022525591
15	0.024405752
15	0.026168661
16	0.023415149
16	0.019190989
16	0.02503915
16	0.021848744
16	0.021321428
17	0.020177844
17	0.019859384
17	0.020799872
17	0.020167146
17	0.009541411
17	0.040927266
17	0.02407283
17	0.023374237
17	0.018316985
17	0.009392735
17	0.0064068
17	0.020012731
17	0.021564472
17	0.019588497
17	0.006500437
17	0.018252426
17	0.021113925
17	0.015801246
17	0.017947174
17	0.020120936
17	0.01043484
17	0.021134891
17	0.024103526
17	0.019015237
17	0.021187393
17	0.019003884
17	0.019528719
17	0.020808081
17	0.020151227
17	0.025680604
17	0.025738271
17	0.027174847
16	0.021764577
16	0.01730634
16	0.023636674
17	0.021508179
17	0.012979782
17	0.00634765
17	0.023914834
17	0.006954312
19	0.019283715
19	0.021482904
19	0.020524484
19	0.020559215
19	0.019861654
19	0.022794587
19	0.020645879
